[(array([[ 0.,  1.],
       [ 0.,  1.],
       [ 0.,  1.],
       [ 0.,  1.],
       [ 0.,  1.],
       [ 0.,  1.],
       [ 0.,  1.],
       [ 0.,  1.],
       [ 0.,  1.],
       [ 0.,  1.],
       [ 0.,  1.],
       [ 0.,  1.],
       [ 0.,  1.],
       [ 0.,  1.],
       [ 0.,  1.],
       [ 0.,  1.],
       [ 0.,  1.],
       [ 0.,  1.],
       [ 0.,  1.],
       [ 0.,  1.],
       [ 0.,  1.],
       [ 0.,  1.],
       [ 0.,  1.],
       [ 0.,  1.],
       [ 0.,  1.],
       [ 0.,  1.],
       [ 0.,  1.],
       [ 0.,  1.],
       [ 0.,  1.],
       [ 0.,  1.],
       [ 0.,  1.],
       [ 0.,  1.],
       [ 0.,  1.],
       [ 0.,  1.],
       [ 0.,  1.],
       [ 1.,  0.],
       [ 0.,  1.],
       [ 0.,  1.],
       [ 0.,  1.],
       [ 0.,  1.],
       [ 0.,  1.],
       [ 0.,  1.],
       [ 0.,  1.],
       [ 0.,  1.],
       [ 0.,  1.],
       [ 0.,  1.],
       [ 0.,  1.],
       [ 1.,  0.],
       [ 0.,  1.],
       [ 0.,  1.],
       [ 0.,  1.],
       [ 0.,  1.],
       [ 0.,  1.],
       [ 0.,  1.],
       [ 0.,  1.],
       [ 0.,  1.],
       [ 0.,  1.],
       [ 1.,  1.],
       [ 0.,  1.],
       [ 0.,  1.],
       [ 0.,  1.],
       [ 0.,  1.],
       [ 1.,  0.],
       [ 0.,  1.],
       [ 0.,  1.],
       [ 0.,  1.],
       [ 0.,  1.],
       [ 0.,  1.],
       [ 0.,  1.],
       [ 1.,  0.],
       [ 0.,  1.],
       [ 0.,  1.],
       [ 0.,  1.],
       [ 0.,  1.],
       [ 0.,  1.],
       [ 1.,  0.],
       [ 1.,  0.],
       [ 0.,  1.],
       [ 1.,  1.],
       [ 0.,  1.],
       [ 0.,  1.],
       [ 0.,  1.],
       [ 0.,  1.],
       [ 0.,  1.],
       [ 0.,  1.],
       [ 1.,  0.],
       [ 1.,  0.],
       [ 0.,  1.],
       [ 0.,  1.],
       [ 1.,  0.],
       [ 0.,  1.],
       [ 0.,  1.],
       [ 0.,  1.],
       [ 1.,  0.],
       [ 0.,  1.],
       [ 0.,  1.],
       [ 0.,  1.],
       [ 0.,  1.],
       [ 0.,  1.],
       [ 0.,  1.],
       [ 0.,  1.],
       [ 0.,  1.],
       [ 0.,  1.],
       [ 0.,  1.],
       [ 0.,  1.],
       [ 0.,  1.],
       [ 0.,  1.],
       [ 0.,  1.],
       [ 0.,  1.],
       [ 1.,  0.],
       [ 0.,  1.],
       [ 1.,  1.],
       [ 0.,  1.],
       [ 0.,  1.],
       [ 0.,  1.],
       [ 0.,  1.],
       [ 1.,  0.],
       [ 0.,  1.],
       [ 0.,  1.],
       [ 0.,  1.],
       [ 0.,  1.],
       [ 1.,  0.],
       [ 0.,  1.],
       [ 0.,  1.],
       [ 0.,  1.],
       [ 0.,  1.],
       [ 0.,  1.],
       [ 0.,  1.],
       [ 0.,  1.],
       [ 0.,  1.],
       [ 0.,  1.],
       [ 0.,  1.],
       [ 1.,  1.],
       [ 0.,  1.],
       [ 0.,  1.],
       [ 0.,  1.],
       [ 0.,  1.],
       [ 0.,  1.],
       [ 0.,  1.],
       [ 0.,  1.],
       [ 0.,  1.],
       [ 0.,  1.],
       [ 0.,  1.],
       [ 0.,  1.],
       [ 0.,  1.],
       [ 0.,  1.],
       [ 0.,  1.],
       [ 0.,  1.],
       [ 0.,  1.],
       [ 0.,  1.],
       [ 0.,  1.],
       [ 0.,  1.],
       [ 0.,  1.],
       [ 0.,  1.],
       [ 0.,  1.],
       [ 0.,  1.],
       [ 0.,  1.],
       [ 0.,  1.],
       [ 0.,  1.],
       [ 0.,  1.],
       [ 0.,  1.],
       [ 0.,  1.],
       [ 0.,  1.],
       [ 0.,  1.],
       [ 0.,  1.],
       [ 0.,  1.],
       [ 0.,  1.],
       [ 0.,  1.],
       [ 0.,  1.],
       [ 0.,  1.],
       [ 0.,  1.],
       [ 0.,  1.],
       [ 0.,  1.],
       [ 0.,  1.],
       [ 0.,  1.],
       [ 0.,  1.],
       [ 0.,  1.],
       [ 0.,  1.],
       [ 0.,  1.],
       [ 0.,  1.],
       [ 0.,  1.],
       [ 0.,  1.],
       [ 0.,  1.],
       [ 0.,  1.],
       [ 0.,  1.],
       [ 0.,  1.],
       [ 0.,  1.],
       [ 0.,  1.],
       [ 0.,  1.],
       [ 0.,  1.],
       [ 0.,  1.],
       [ 0.,  1.],
       [ 0.,  1.],
       [ 0.,  1.],
       [ 0.,  1.]], dtype=float32), array([[  0,   1],
       [  1,   2],
       [  2,   3],
       ..., 
       [188, 194],
       [193, 194],
       [180, 194]])), (array([[ 0.,  1.],
       [ 0.,  1.],
       [ 0.,  1.],
       [ 0.,  1.],
       [ 0.,  1.],
       [ 0.,  1.],
       [ 0.,  1.],
       [ 0.,  1.],
       [ 0.,  1.],
       [ 0.,  1.],
       [ 0.,  1.],
       [ 0.,  1.],
       [ 0.,  1.],
       [ 0.,  1.],
       [ 0.,  1.],
       [ 0.,  1.],
       [ 0.,  1.],
       [ 0.,  1.],
       [ 0.,  1.],
       [ 0.,  1.],
       [ 0.,  1.],
       [ 0.,  1.],
       [ 0.,  1.],
       [ 0.,  1.],
       [ 0.,  1.],
       [ 0.,  1.],
       [ 0.,  1.],
       [ 0.,  1.],
       [ 0.,  1.],
       [ 0.,  1.],
       [ 0.,  1.],
       [ 0.,  1.],
       [ 0.,  1.],
       [ 0.,  1.],
       [ 0.,  1.],
       [ 0.,  1.],
       [ 0.,  1.],
       [ 0.,  1.],
       [ 0.,  1.],
       [ 0.,  1.],
       [ 0.,  1.],
       [ 0.,  1.],
       [ 0.,  1.],
       [ 0.,  1.],
       [ 0.,  1.],
       [ 0.,  1.],
       [ 0.,  1.],
       [ 0.,  1.],
       [ 0.,  1.],
       [ 0.,  1.],
       [ 0.,  1.],
       [ 0.,  1.],
       [ 1.,  0.],
       [ 0.,  1.],
       [ 0.,  1.],
       [ 0.,  1.],
       [ 0.,  1.],
       [ 0.,  1.],
       [ 0.,  1.],
       [ 1.,  1.],
       [ 0.,  1.],
       [ 0.,  1.],
       [ 0.,  1.],
       [ 0.,  1.],
       [ 0.,  1.],
       [ 0.,  1.],
       [ 1.,  0.],
       [ 0.,  1.],
       [ 0.,  1.],
       [ 0.,  1.],
       [ 0.,  1.],
       [ 0.,  1.],
       [ 1.,  1.],
       [ 0.,  1.],
       [ 0.,  1.],
       [ 0.,  1.],
       [ 0.,  1.],
       [ 0.,  1.],
       [ 0.,  1.],
       [ 0.,  1.],
       [ 0.,  1.],
       [ 1.,  0.],
       [ 1.,  0.],
       [ 0.,  1.],
       [ 0.,  1.],
       [ 0.,  1.],
       [ 0.,  1.],
       [ 1.,  0.],
       [ 0.,  1.],
       [ 0.,  1.],
       [ 0.,  1.],
       [ 0.,  1.],
       [ 0.,  1.],
       [ 0.,  1.],
       [ 0.,  1.],
       [ 0.,  1.],
       [ 0.,  1.],
       [ 0.,  1.],
       [ 0.,  1.],
       [ 0.,  1.],
       [ 1.,  0.],
       [ 0.,  1.],
       [ 0.,  1.],
       [ 0.,  1.],
       [ 0.,  1.],
       [ 0.,  1.],
       [ 0.,  1.],
       [ 0.,  1.],
       [ 0.,  1.],
       [ 0.,  1.],
       [ 0.,  1.],
       [ 0.,  1.],
       [ 0.,  1.],
       [ 0.,  1.],
       [ 0.,  1.],
       [ 0.,  1.],
       [ 0.,  1.],
       [ 1.,  1.],
       [ 0.,  1.],
       [ 1.,  1.],
       [ 0.,  1.],
       [ 0.,  1.],
       [ 1.,  0.],
       [ 0.,  1.],
       [ 0.,  1.],
       [ 0.,  1.],
       [ 0.,  1.],
       [ 1.,  0.],
       [ 0.,  1.],
       [ 1.,  1.],
       [ 1.,  0.],
       [ 0.,  1.],
       [ 1.,  0.],
       [ 0.,  1.],
       [ 0.,  1.],
       [ 0.,  1.],
       [ 0.,  1.],
       [ 0.,  1.],
       [ 0.,  1.],
       [ 0.,  1.],
       [ 1.,  0.],
       [ 1.,  1.],
       [ 1.,  0.],
       [ 0.,  1.],
       [ 0.,  1.],
       [ 0.,  1.],
       [ 0.,  1.],
       [ 0.,  1.],
       [ 0.,  1.],
       [ 0.,  1.],
       [ 0.,  1.],
       [ 0.,  1.],
       [ 0.,  1.],
       [ 0.,  1.],
       [ 1.,  0.],
       [ 1.,  0.],
       [ 0.,  1.],
       [ 1.,  1.],
       [ 0.,  1.],
       [ 0.,  1.],
       [ 0.,  1.],
       [ 0.,  1.],
       [ 0.,  1.],
       [ 0.,  1.],
       [ 1.,  1.],
       [ 0.,  1.],
       [ 1.,  0.],
       [ 0.,  1.],
       [ 1.,  1.],
       [ 1.,  0.],
       [ 0.,  1.],
       [ 0.,  1.],
       [ 1.,  0.],
       [ 0.,  1.],
       [ 0.,  1.],
       [ 0.,  1.],
       [ 0.,  1.],
       [ 0.,  1.],
       [ 0.,  1.],
       [ 0.,  1.],
       [ 0.,  1.],
       [ 1.,  0.],
       [ 0.,  1.],
       [ 0.,  1.],
       [ 0.,  1.],
       [ 0.,  1.],
       [ 0.,  1.],
       [ 0.,  1.],
       [ 0.,  1.],
       [ 0.,  1.],
       [ 0.,  1.],
       [ 0.,  1.],
       [ 0.,  1.],
       [ 0.,  1.],
       [ 0.,  1.],
       [ 0.,  1.],
       [ 0.,  1.],
       [ 0.,  1.],
       [ 0.,  1.]], dtype=float32), array([[  0,   1],
       [  1,   2],
       [  2,   3],
       ..., 
       [197,  12],
       [198,  12],
       [192,  12]])), (array([[ 0.,  1.],
       [ 0.,  1.],
       [ 0.,  1.],
       [ 0.,  1.],
       [ 0.,  1.],
       [ 0.,  1.],
       [ 0.,  1.],
       [ 0.,  1.],
       [ 0.,  1.],
       [ 0.,  1.],
       [ 0.,  1.],
       [ 0.,  1.],
       [ 0.,  1.],
       [ 0.,  1.],
       [ 0.,  1.],
       [ 0.,  1.],
       [ 0.,  1.],
       [ 0.,  1.],
       [ 0.,  1.],
       [ 0.,  1.],
       [ 0.,  1.],
       [ 0.,  1.],
       [ 0.,  1.],
       [ 0.,  1.],
       [ 0.,  1.],
       [ 0.,  1.],
       [ 0.,  1.],
       [ 0.,  1.],
       [ 0.,  1.],
       [ 0.,  1.],
       [ 0.,  1.],
       [ 0.,  1.],
       [ 0.,  1.],
       [ 0.,  1.],
       [ 0.,  1.],
       [ 0.,  1.],
       [ 0.,  1.],
       [ 0.,  1.],
       [ 0.,  1.],
       [ 0.,  1.],
       [ 0.,  1.],
       [ 0.,  1.],
       [ 0.,  1.],
       [ 0.,  1.],
       [ 0.,  1.],
       [ 0.,  1.],
       [ 0.,  1.],
       [ 0.,  1.],
       [ 0.,  1.],
       [ 0.,  1.],
       [ 0.,  1.],
       [ 0.,  1.],
       [ 1.,  0.],
       [ 0.,  1.],
       [ 0.,  1.],
       [ 0.,  1.],
       [ 0.,  1.],
       [ 0.,  1.],
       [ 0.,  1.],
       [ 0.,  1.],
       [ 0.,  1.],
       [ 0.,  1.],
       [ 0.,  1.],
       [ 1.,  0.],
       [ 0.,  1.],
       [ 1.,  0.],
       [ 0.,  1.],
       [ 1.,  0.],
       [ 1.,  0.],
       [ 0.,  1.],
       [ 0.,  1.],
       [ 1.,  0.],
       [ 0.,  1.],
       [ 0.,  1.],
       [ 0.,  1.],
       [ 0.,  1.],
       [ 0.,  1.],
       [ 0.,  1.],
       [ 1.,  1.],
       [ 0.,  1.],
       [ 0.,  1.],
       [ 0.,  1.],
       [ 0.,  1.],
       [ 0.,  1.],
       [ 0.,  1.],
       [ 0.,  1.],
       [ 0.,  1.],
       [ 0.,  1.],
       [ 0.,  1.],
       [ 0.,  1.],
       [ 0.,  1.],
       [ 0.,  1.],
       [ 0.,  1.],
       [ 0.,  1.],
       [ 0.,  1.],
       [ 0.,  1.],
       [ 0.,  1.],
       [ 0.,  1.],
       [ 0.,  1.],
       [ 0.,  1.],
       [ 0.,  1.],
       [ 0.,  1.],
       [ 0.,  1.],
       [ 0.,  1.],
       [ 0.,  1.],
       [ 0.,  1.],
       [ 0.,  1.],
       [ 0.,  1.],
       [ 0.,  1.],
       [ 0.,  1.],
       [ 0.,  1.],
       [ 0.,  1.],
       [ 0.,  1.],
       [ 0.,  1.],
       [ 0.,  1.],
       [ 0.,  1.],
       [ 1.,  1.],
       [ 0.,  1.],
       [ 0.,  1.],
       [ 0.,  1.],
       [ 0.,  1.],
       [ 0.,  1.],
       [ 1.,  1.],
       [ 0.,  1.],
       [ 0.,  1.],
       [ 0.,  1.],
       [ 0.,  1.],
       [ 0.,  1.],
       [ 0.,  1.],
       [ 0.,  1.],
       [ 0.,  1.],
       [ 0.,  1.],
       [ 0.,  1.],
       [ 0.,  1.],
       [ 0.,  1.],
       [ 0.,  1.],
       [ 0.,  1.],
       [ 0.,  1.],
       [ 0.,  1.],
       [ 0.,  1.],
       [ 0.,  1.],
       [ 0.,  1.],
       [ 0.,  1.],
       [ 0.,  1.],
       [ 0.,  1.],
       [ 0.,  1.],
       [ 0.,  1.],
       [ 1.,  1.],
       [ 0.,  1.],
       [ 0.,  1.],
       [ 0.,  1.],
       [ 0.,  1.],
       [ 1.,  1.],
       [ 1.,  1.],
       [ 0.,  1.],
       [ 0.,  1.],
       [ 1.,  1.],
       [ 0.,  1.],
       [ 0.,  1.],
       [ 0.,  1.],
       [ 1.,  0.],
       [ 0.,  1.],
       [ 0.,  1.],
       [ 0.,  1.],
       [ 0.,  1.],
       [ 1.,  0.],
       [ 0.,  1.],
       [ 0.,  1.],
       [ 0.,  1.],
       [ 0.,  1.],
       [ 0.,  1.],
       [ 0.,  1.],
       [ 1.,  0.],
       [ 1.,  0.],
       [ 0.,  1.],
       [ 0.,  1.],
       [ 0.,  1.],
       [ 0.,  1.],
       [ 0.,  1.],
       [ 0.,  1.],
       [ 0.,  1.],
       [ 1.,  1.],
       [ 0.,  1.],
       [ 1.,  1.],
       [ 0.,  1.],
       [ 0.,  1.],
       [ 0.,  1.],
       [ 0.,  1.],
       [ 0.,  1.],
       [ 0.,  1.],
       [ 1.,  1.],
       [ 0.,  1.],
       [ 0.,  1.],
       [ 1.,  1.],
       [ 1.,  0.],
       [ 0.,  1.],
       [ 0.,  1.],
       [ 0.,  1.],
       [ 0.,  1.],
       [ 0.,  1.],
       [ 0.,  1.],
       [ 0.,  1.],
       [ 0.,  1.],
       [ 0.,  1.],
       [ 1.,  1.],
       [ 0.,  1.],
       [ 0.,  1.],
       [ 0.,  1.],
       [ 0.,  1.],
       [ 0.,  1.],
       [ 1.,  0.],
       [ 0.,  1.],
       [ 0.,  1.],
       [ 0.,  1.],
       [ 1.,  0.],
       [ 0.,  1.],
       [ 0.,  1.],
       [ 0.,  1.],
       [ 0.,  1.],
       [ 0.,  1.],
       [ 0.,  1.],
       [ 0.,  1.],
       [ 0.,  1.],
       [ 0.,  1.],
       [ 0.,  1.],
       [ 0.,  1.],
       [ 0.,  1.],
       [ 0.,  1.],
       [ 0.,  1.],
       [ 0.,  1.],
       [ 1.,  1.],
       [ 0.,  1.],
       [ 0.,  1.],
       [ 1.,  0.],
       [ 0.,  1.],
       [ 0.,  1.],
       [ 0.,  1.],
       [ 0.,  1.],
       [ 0.,  1.],
       [ 0.,  1.],
       [ 0.,  1.],
       [ 0.,  1.],
       [ 0.,  1.],
       [ 0.,  1.],
       [ 0.,  1.],
       [ 0.,  1.]], dtype=float32), array([[  0,   1],
       [  1,   2],
       [  2,   3],
       ..., 
       [232, 245],
       [245, 242],
       [242, 223]]))]
